Best found simple portfolio is:
R :  0.07692307692307693
RGC :  0.07692307692307693
RIG :  0.07692307692307693
AN :  0.07692307692307693
BC :  0.07692307692307693
TFSL :  0.07692307692307693
UGI :  0.07692307692307693
CMG :  0.07692307692307693
D :  0.07692307692307693
GIS :  0.07692307692307693
GXP :  0.07692307692307693
KEX :  0.07692307692307693
NE :  0.07692307692307693

VARIANCE:  0.28176359478267676
Total number of stocks in portfolio:  13
Stocks: 100
temperature: .0007
time: 30 seconds
